00257
01861
03025
04012
04013
04014
04015
04016
04019
04120
04259
05042
05043
05044
05045
05046
05047
05048
05049
05206
05207
06012
06013
06014
06015
06016
06017
06018
06019
06916
07013
07014
07015
07016
07017
07018
07019
07052
07523
08217
08355
09203
09819
09995
10055
10060
10286
10361
10389
10503
10518
10525
10527
10529
10533
10539
10541
10551
10553
10687
10712
11104
11212
11219
11225
12080
12289
12290
12300
12301
12927
13110
13186
13430
13547
13582
13659
14171
14699
15132
15133
15174
15199
15201
15777
15859
16000
16014
16040
16139
16260
16261
16734
16977
17204
17205
17206
17207
17210
17211
17214
17523
17526
17527
17529
17530
17532
17533
17534
17535
17537
17549
17550
17551
17552
17553
17586
17717
17879
17880
17883
17885
17887
17888
17889
17891
17958
18042
18044
18045
18047
18066
18067
18068
18271
18586
19030
19031
19037
19394
19395
19397
19399
19403
19405
19406
19407
19410
19411
19453
19647
19648
19670
19672
19738
19812
19813
19815
19816
19821
19824
19826
19829
19833
19835
19837
19839
19840
19841
19966
19967
19968
19971
19977
19978
19979
19981
19988
20006
20013
20027
20100
20102
20107
20120
20123
20139
20142
20154
20157
20160
20195
20197
20214
20294
20300
20302
20309
20316
20351
20379
20381
20415
20445
20480
20491
20497
20540
20579
20633
20640
20729
20778
20780
20803
20806
20808
20812
20813
20818
20821
20823
20824
20825
20827
20828
20837
20839
20840
20841
20844
20855
20856
20874
20912
20986
20998
21010
21029
21033
21040
21048
21051
21063
21069
21089
21090
21092
21098
21102
21104
21106
21108
21110
21111
21112
21114
21116
21120
21121
21123
21127
21129
21151
21152
21161
21205
21209
21213
21218
21253
21270
21295
21312
21320
21322
21345
21363
21397
21407
21443
21448
21451
21462
21463
21475
21478
21482
21487
21488
21496
21507
21512
21513
21516
21517
21547
21550
21578
21584
21585
21588
21589
21591
21592
21595
21619
21633
21636
21639
21652
21689
21692
21697
21701
21729
21738
21774
21777
21786
21796
21801
21803
21804
21807
21839
21862
21873
21892
21916
21934
21966
22120
22280
22296
22312
22451
22522
22561
22580
22602
22682
22683
22684
22685
22686
22687
22806
22810
22823
22825
22833
22863
22871
22887
22902
22914
22982
23273
23383
23384
23436
23448
23450
23458
23478
23481
23526
23559
23560
23563
23565
23567
23601
23652
23660
23721
23729
23859
24001
24066
24067
24115
24118
24120
24133
24171
24179
24180
24207
24230
24235
24237
24291
24314
24335
24375
24448
24471
24479
24503
24515
24517
24555
24615
24635
24655
24744
24773
24800
24819
24840
24847
24907
25026
25033
25048
25091
25101
25105
25110
25152
25163
25187
25189
25209
25214
25240
25269
25305
25309
25326
25340
25351
25424
25426
25480
25490
25509
25512
25529
25552
25563
25565
25588
25628
25648
25649
25699
25702
25741
25787
25799
25802
25805
25818
25903
25910
25928
25972
25976
26032
26041
26044
26126
26159
26164
26178
26223
26307
26332
26356
26368
26371
26376
26377
26399
26410
26411
26412
26479
26512
26524
26597
26601
26654
26655
26656
26670
26694
26736
26742
26997
27138
27171
27231
27308
27320
27323
27425
27472
27490
27492
27493
27494
27521
27598
27599
27604
27665
27713
27833
27841
27861
27880
27963
27966
27988
28040
28103
28107
28145
28165
28204
28227
28271
28310
28415
28558
28608
28611
28687
28856
28858
28872
28900
28961
28982
29076
29105
29138
29141
29190
29305
29554
29577
29694
29699
29702
29983
29992
30001
30052
30053
30059
30090
30097
30151
30331
30332
30334
30340
30342
30418
30436
30445
30446
30452
30465
30475
30772
30906
30908
31070
31119
31150
31186
31281
31309
31385
31386
31387
31388
31389
31390
31391
31435
31449
31526
31532
31558
31561
31574
31639
31687
31806
31859
31904
31909
31911
31936
31937
31938
31958
31995
32005
32016
32025
32047
32048
32049
32066
32068
32080
32113
32129
32147
32160
32178
32218
32232
32317
32373
32570
32771
32773
32780
32858
32880
32924
32925
32926
32927
32928
32930
32938
32939
32940
32941
32942
32943
32944
32945
32946
32947
32948
32949
32950
32951
32952
32953
32954
32955
32957
32958
32959
32960
32961
32973
32974
32975
32976
32977
32979
32980
32981
32982
32983
32984
32985
32986
32987
32988
33021
33030
33118
33151
33193
33195
33258
33267
33287
33324
33391
33394
33457
33510
33590
33609
33655
33683
33707
33756
34214
34217
34223
34255
34268
34315
34507
34562
34588
34662
34892
34920
35041
35069
35079
35201
35211
35215
35242
35261
35264
35299
35330
35352
35373
35387
35426
35430
35443
35469
35492
35498
35531
35542
35586
35657
35672
35696
35731
36023
36027
36090
36092
36111
36209
36215
36225
36229
36245
36393
36523
36629
36655
36664
36681
36776
36817
36848
36865
36879
36889
36890
36895
36899
36913
36914
36924
36939
36942
36948
36960
36969
36984
36996
37096
37117
37129
37221
37329
37341
37452
37509
37636
37666
37820
37916
38195
38263
38272
38283
38308
38450
38480
38500
38525
38538
38555
38577
38617
38620
38622
38627
38646
38647
38656
38712
38738
38750
38754
38867
38913
38928
38931
38936
38988
39080
39151
39154
39173
39184
39255
39262
39318
39321
39511
39592
39636
39640
39686
39770
40008
40028
40300
40431
40432
40442
40443
40445
40449
40451
40480
40483
40486
40508
40509
40531
40553
40558
40573
40574
40576
40613
40635
40636
40643
40644
40645
40649
40650
40665
40778
41156
41185
41229
41635
41834
41836
41837
41838
42102
42223
42818
42819
43750
44107
44329
45830
46604
46698
47727
48800
49001
49079
49105
49469
49941
50371
50374
50377
50379
50390
50411
50413
50460
50465
50506
50520
50521
50539
51260
51297
51665
51666
53775
54609
55022
56599
58151
58415
58758
58853
59957
60644
60736
60864
60937
60940
60941
60942
60943
60945
63073
63089
64026
64659
64877
64891
64892
65281
65285
65288
65289
65292
65295
65306
65311
65873
66745
66748
66939
67375
68096
68097
68100
68104
68344
68411
68737
68757
68758
68759
68760
68761
68762
68765
68766
68767
68768
68769
68771
68775
68776
68777
68778
68780
68781
68782
68783
68784
68785
68786
68787
68788
68789
68790
68791
68792
68793
68794
68795
68796
68802
69210
69346
69348
69487
69488
69489
69490
69491
69492
69493
69494
69495
69496
69497
69499
69500
69502
69683
69916
70068
70092
70146
70147
70148
70149
70150
70151
70152
70153
70154
70155
70156
70157
70158
70160
70161
70162
70163
70164
70165
70170
70171
70172
70920
70921
70925
70926
70927
70928
70929
70930
70931
70932
70933
70934
70935
70936
70937
70938
70939
70940
70941
70943
70944
70945
70946
70947
71039
71470
71934
71935
71936
71937
71938
71939
71940
71941
71942
71943
71944
71945
71946
71947
72074
72282
72436
72462
72470
72546
74215
76790
77236
77742
78198
78510
79081
81868
81874
81909
82093
82294
83078
83957
83992
84063
85338
86376
88082
88559
89541
90998
91915
92128
94670
94976
95493
97268
97770
99146
99185
99220
99233
99712
99713
99714
99715
99723
99724
99729
99730
99784
99785
